mm10.chr10	130694993	8146658	23040
mm10.chr11	122082543	7522300	22619
mm10.chr12	120129022	8057917	22427
mm10.chr13	120421639	7415463	20875
mm10.chr14	124902244	7871795	21930
mm10.chr15	104043685	6155840	17415
mm10.chr16	98207768	5829231	16380
mm10.chr17	94987271	5654092	16908
mm10.chr18	90702639	5353830	14725
mm10.chr19	61431566	3568805	10478
mm10.chr1	195471971	11746341	33137
mm10.chr2	182113224	18994683	43869
mm10.chr3	160039680	9429524	25181
mm10.chr4	156508116	9398495	26686
mm10.chr5	151834684	9052157	26793
mm10.chr6	149736546	9384390	25572
mm10.chr7	145441459	8469118	24163
mm10.chr8	129401213	7640442	21649
mm10.chr9	124595110	14855847	33926
mm10.chrM	16299	44131	458
mm10.chrX	171031299	5616205	14472
mm10.chrY	91744698	2222477	7652
hg38.chr1	248956422	55532750	83353
hg38.chr2	242193529	37959941	59913
hg38.chr3	198295559	53317986	77427
hg38.chr4	190214555	34197172	49238
hg38.chr5	181538259	32861902	48320
hg38.chr6	170805979	30742853	44696
hg38.chr7	159345973	33160102	50186
hg38.chr8	145138636	38828184	57554
hg38.chr9	138394717	22775911	34084
hg38.chr10	133797422	24868103	38462
hg38.chr11	135086622	26226806	39663
hg38.chr12	133275309	35510123	53783
hg38.chr13	114364328	18475483	26190
hg38.chr14	107043718	15994925	24300
hg38.chr15	101991189	15408786	23858
hg38.chr16	90338345	16086875	25996
hg38.chr17	83257441	15046902	25391
hg38.chr18	80373285	21521566	30986
hg38.chr19	58617616	9593217	17575
hg38.chr20	64444167	13194702	21358
hg38.chr21	46709983	7622523	12342
hg38.chr22	50818468	7048353	12626
hg38.chrX	156040895	14388619	20961
hg38.chrY	57227415	3910998	7403
hg38.chrM	16569	22963	65
hg38.chr1_KI270706v1_random	175055	73733	173
hg38.chr1_KI270707v1_random	32032	12709	24
hg38.chr1_KI270708v1_random	127682	38206	35
hg38.chr1_KI270709v1_random	66860	136794	165
hg38.chr1_KI270710v1_random	40176	15067	20
hg38.chr1_KI270711v1_random	42210	23427	27
hg38.chr1_KI270712v1_random	176043	47215	116
hg38.chr1_KI270713v1_random	40745	18326	25
hg38.chr1_KI270714v1_random	41717	11663	33
hg38.chr2_KI270715v1_random	161471	16397	13
hg38.chr2_KI270716v1_random	153799	21833	15
hg38.chr3_GL000221v1_random	155397	64992	85
hg38.chr4_GL000008v2_random	209709	86242	210
hg38.chr5_GL000208v1_random	92689	24119	18
hg38.chr9_KI270717v1_random	40062	5609	5
hg38.chr9_KI270718v1_random	38054	9897	17
hg38.chr9_KI270719v1_random	176845	49175	76
hg38.chr9_KI270720v1_random	39050	11406	15
hg38.chr11_KI270721v1_random	100316	9481	28
hg38.chr14_GL000009v2_random	201709	86714	126
hg38.chr14_GL000225v1_random	211173	578694	1443
hg38.chr14_KI270722v1_random	194050	58281	86
hg38.chr14_GL000194v1_random	191469	82169	159
hg38.chr14_KI270723v1_random	38115	25307	91
hg38.chr14_KI270724v1_random	39555	27470	71
hg38.chr14_KI270725v1_random	172810	34620	53
hg38.chr14_KI270726v1_random	43739	3095	3
hg38.chr15_KI270727v1_random	448248	54754	76
hg38.chr16_KI270728v1_random	1872759	115589	201
hg38.chr17_GL000205v2_random	185591	83381	137
hg38.chr17_KI270729v1_random	280839	312891	627
hg38.chr17_KI270730v1_random	112551	70588	296
hg38.chr22_KI270731v1_random	150754	27753	79
hg38.chr22_KI270732v1_random	41543	19551	37
hg38.chr22_KI270733v1_random	179772	158471	356
hg38.chr22_KI270734v1_random	165050	50625	174
hg38.chr22_KI270735v1_random	42811	48822	109
hg38.chr22_KI270736v1_random	181920	182740	902
hg38.chr22_KI270737v1_random	103838	35801	68
hg38.chr22_KI270738v1_random	99375	19441	16
hg38.chr22_KI270739v1_random	73985	8377	11
hg38.chrY_KI270740v1_random	37240	3167	3
hg38.chrUn_KI270302v1	2274	735	1
hg38.chrUn_KI270304v1	2165	264	1
hg38.chrUn_KI270303v1	1942	623	1
hg38.chrUn_KI270305v1	1472	628	0
hg38.chrUn_KI270322v1	21476	3347	5
hg38.chrUn_KI270320v1	4416	5435	8
hg38.chrUn_KI270310v1	1201	1196	0
hg38.chrUn_KI270316v1	1444	242	1
hg38.chrUn_KI270315v1	2276	732	0
hg38.chrUn_KI270312v1	998	389	0
hg38.chrUn_KI270311v1	12399	1034	2
hg38.chrUn_KI270317v1	37690	909	0
hg38.chrUn_KI270412v1	1179	384	0
hg38.chrUn_KI270411v1	2646	1450	0
hg38.chrUn_KI270414v1	2489	456	3
hg38.chrUn_KI270419v1	1029	462	0
hg38.chrUn_KI270418v1	2145	930	0
hg38.chrUn_KI270420v1	2321	708	0
hg38.chrUn_KI270424v1	2140	1013	0
hg38.chrUn_KI270417v1	2043	252	0
hg38.chrUn_KI270422v1	1445	32	0
hg38.chrUn_KI270423v1	981	120	0
hg38.chrUn_KI270425v1	1884	290	0
hg38.chrUn_KI270429v1	1361	1146	1
hg38.chrUn_KI270442v1	392061	252601	577
hg38.chrUn_KI270466v1	1233	13394	16
hg38.chrUn_KI270465v1	1774	704	1
hg38.chrUn_KI270467v1	3920	40989	48
hg38.chrUn_KI270435v1	92983	38349	66
hg38.chrUn_KI270438v1	112505	520351	772
hg38.chrUn_KI270468v1	4055	1271	0
hg38.chrUn_KI270510v1	2415	1732	2
hg38.chrUn_KI270509v1	2318	1989	1
hg38.chrUn_KI270518v1	2186	2026	0
hg38.chrUn_KI270508v1	1951	1885	5
hg38.chrUn_KI270516v1	1300	1217	3
hg38.chrUn_KI270512v1	22689	8230	17
hg38.chrUn_KI270519v1	138126	51742	69
hg38.chrUn_KI270522v1	5674	961	1
hg38.chrUn_KI270511v1	8127	2915	2
hg38.chrUn_KI270515v1	6361	5754	7
hg38.chrUn_KI270507v1	5353	3683	3
hg38.chrUn_KI270517v1	3253	2683	1
hg38.chrUn_KI270529v1	1899	523	0
hg38.chrUn_KI270528v1	2983	278	0
hg38.chrUn_KI270530v1	2168	340	0
hg38.chrUn_KI270539v1	993	35	0
hg38.chrUn_KI270538v1	91309	29061	34
hg38.chrUn_KI270544v1	1202	836	1
hg38.chrUn_KI270548v1	1599	151	1
hg38.chrUn_KI270583v1	1400	735	0
hg38.chrUn_KI270587v1	2969	1246	0
hg38.chrUn_KI270580v1	1553	1033	0
hg38.chrUn_KI270581v1	7046	1395	1
hg38.chrUn_KI270579v1	31033	5655	7
hg38.chrUn_KI270589v1	44474	19232	58
hg38.chrUn_KI270590v1	4685	6088	7
hg38.chrUn_KI270584v1	4513	2868	4
hg38.chrUn_KI270582v1	6504	1293	1
hg38.chrUn_KI270588v1	6158	4170	1
hg38.chrUn_KI270593v1	3041	1632	1
hg38.chrUn_KI270591v1	5796	7282	7
hg38.chrUn_KI270330v1	1652	8547	9
hg38.chrUn_KI270329v1	1040	536	0
hg38.chrUn_KI270334v1	1368	745	1
hg38.chrUn_KI270333v1	2699	23550	26
hg38.chrUn_KI270335v1	1048	427	2
hg38.chrUn_KI270338v1	1428	391	1
hg38.chrUn_KI270340v1	1428	1041	1
hg38.chrUn_KI270336v1	1026	7043	13
hg38.chrUn_KI270337v1	1121	23892	33
hg38.chrUn_KI270363v1	1803	372	0
hg38.chrUn_KI270364v1	2855	442	0
hg38.chrUn_KI270362v1	3530	764	0
hg38.chrUn_KI270366v1	8320	1887	0
hg38.chrUn_KI270378v1	1048	144	0
hg38.chrUn_KI270379v1	1045	147	0
hg38.chrUn_KI270389v1	1298	420	0
hg38.chrUn_KI270390v1	2387	235	0
hg38.chrUn_KI270387v1	1537	671	0
hg38.chrUn_KI270395v1	1143	854	0
hg38.chrUn_KI270396v1	1880	475	0
hg38.chrUn_KI270388v1	1216	300	0
hg38.chrUn_KI270394v1	970	327	0
hg38.chrUn_KI270386v1	1788	221	0
hg38.chrUn_KI270391v1	1484	194	0
hg38.chrUn_KI270383v1	1750	251	0
hg38.chrUn_KI270393v1	1308	62	0
hg38.chrUn_KI270384v1	1658	327	0
hg38.chrUn_KI270392v1	971	159	0
hg38.chrUn_KI270381v1	1930	283	0
hg38.chrUn_KI270385v1	990	190	0
hg38.chrUn_KI270382v1	4215	515	0
hg38.chrUn_KI270376v1	1136	120	1
hg38.chrUn_KI270374v1	2656	325	0
hg38.chrUn_KI270372v1	1650	218	0
hg38.chrUn_KI270373v1	1451	116	0
hg38.chrUn_KI270375v1	2378	298	0
hg38.chrUn_KI270371v1	2805	288	0
hg38.chrUn_KI270448v1	7992	3034	1
hg38.chrUn_KI270521v1	7642	1627	7
hg38.chrUn_GL000195v1	182896	49188	76
hg38.chrUn_GL000219v1	179198	106783	146
hg38.chrUn_GL000220v1	161802	199725	437
hg38.chrUn_GL000224v1	179693	238912	375
hg38.chrUn_KI270741v1	157432	51961	70
hg38.chrUn_GL000226v1	15008	73250	50
hg38.chrUn_GL000213v1	164239	13791	23
hg38.chrUn_KI270743v1	210658	65496	96
hg38.chrUn_KI270744v1	168472	179572	328
hg38.chrUn_KI270745v1	41891	10238	23
hg38.chrUn_KI270746v1	66486	32813	42
hg38.chrUn_KI270747v1	198735	30429	29
hg38.chrUn_KI270748v1	93321	8846	19
hg38.chrUn_KI270749v1	158759	36996	40
hg38.chrUn_KI270750v1	148850	48856	66
hg38.chrUn_KI270751v1	150742	79863	114
hg38.chrUn_KI270752v1	27745	24	0
hg38.chrUn_KI270753v1	62944	16805	19
hg38.chrUn_KI270754v1	40191	20518	52
hg38.chrUn_KI270755v1	36723	3817	4
hg38.chrUn_KI270756v1	79590	26416	62
hg38.chrUn_KI270757v1	71251	43037	64
hg38.chrUn_GL000214v1	137718	76815	138
hg38.chrUn_KI270742v1	186739	99334	137
hg38.chrUn_GL000216v2	176608	385496	793
hg38.chrUn_GL000218v1	161147	57501	83
hg38.chrEBV	171823	39	0
*	0	0	710934
